x:=[109, 117, 121, 108, 100, 140, 201, 183, 113], y:=[627, 546, 427, 473, 570, 629, 623, 554, 518], t:=[0, 0.13, 0.32, 0.4, 0.55, 0.66, 0.76, 0.87, 1.0], u:=[0.0, 0.07, 0.21, 0.31, 0.35, 0.39, 0.42, 0.46, 0.5, 0.53, 0.56, 0.58, 0.6, 0.62, 0.66, 0.69, 0.72, 0.75, 0.79, 0.83, 0.86, 0.89, 0.93, 0.95, 0.97, 1.0]

x:=[270, 268, 274, 286, 296, 316, 372, 392, 381], y:=[615, 548, 462, 490, 544, 514, 467, 526, 603], t:=[0, 0.14, 0.31, 0.38, 0.49, 0.56, 0.71, 0.84, 1.0], u:=[0.0, 0.06, 0.13, 0.21, 0.28, 0.31, 0.33, 0.36, 0.4, 0.42, 0.44, 0.46, 0.49, 0.53, 0.57, 0.61, 0.66, 0.69, 0.72, 0.75, 0.78, 0.81, 0.86, 0.88, 0.91, 0.94, 1.0]

x:=[454, 458, 436, 424, 449, 491, 519, 524, 505, 487, 483], y:=[577, 602, 574, 526, 482, 473, 500, 549, 606, 608, 585], t:=[0, 0.06, 0.15, 0.28, 0.41, 0.52, 0.62, 0.74, 0.89, 0.94, 1.0], u:=[0.0, 0.03, 0.06, 0.07, 0.08, 0.12, 0.16, 0.21, 0.26, 0.32, 0.37, 0.42, 0.46, 0.49, 0.53, 0.57, 0.6, 0.63, 0.67, 0.7, 0.74, 0.77, 0.79, 0.81, 0.84, 0.87, 0.89, 0.91, 0.94, 0.95, 0.97, 1.0]

x:=[612, 684], y:=[528, 539], t:=[0, 1.0], u:=[0.0, 1.0]

x:=[637, 640, 644, 651], y:=[573, 550, 528, 511], t:=[0, 0.36, 0.71, 1.0], u:=[0.0, 0.2, 0.4, 0.6, 0.8, 1.0]

x:=[818, 779, 743, 774, 772, 771], y:=[555, 557, 556, 522, 546, 583], t:=[0, 0.21, 0.41, 0.66, 0.8, 1.0], u:=[0.0, 0.16, 0.31, 0.4, 0.66, 0.79, 0.9, 1.0]

x:=[1039, 1049, 1048, 1043, 1040], y:=[626, 645, 616, 570, 529], t:=[0, 0.16, 0.37, 0.7, 1.0], u:=[0.0, 0.15, 0.35, 0.5, 0.7, 0.85, 1.0]

x:=[1021, 1042, 1030, 1042, 1064], y:=[572, 572, 579, 572, 571], t:=[0, 0.3, 0.49, 0.69, 1.0], u:=[0.0, 0.3, 0.5, 0.7, 1.0]
 
x:=[1102, 1096, 1077, 1100, 1131, 1139, 1131, 1122, 1114], y:=[566, 575, 556, 532, 543, 568, 585, 591, 580], t:=[0, 0.06, 0.22, 0.41, 0.6, 0.75, 0.86, 0.92, 1.0], u:=[0.0, 0.05, 0.11, 0.15, 0.21, 0.28, 0.32, 0.37, 0.45, 0.5, 0.55, 0.64, 0.73, 0.81, 0.86, 0.88, 0.92, 0.96, 1.0]

x:=[1222, 1231, 1240, 1257, 1266, 1273, 1274, 1283], y:=[575, 584, 551, 579, 589, 576, 557, 546], t:=[0, 0.09, 0.33, 0.56, 0.66, 0.76, 0.9, 1.0], u:=[0.0, 0.1, 0.18, 0.3, 0.34, 0.4, 0.45, 0.53, 0.62, 0.68, 0.75, 0.85, 0.92, 1.0]

x:=[1304, 1307, 1296, 1296, 1326, 1324, 1333, 1349, 1368, 1372, 1370, 1365, 1360, 1358], y:=[566, 586, 573, 555, 566, 582, 565, 557, 568, 586, 562, 525, 485, 453], t:=[0, 0.06, 0.12, 0.18, 0.28, 0.33, 0.39, 0.45, 0.52, 0.57, 0.65, 0.77, 0.9, 1.0], u:=[0.0, 0.01, 0.03, 0.07, 0.11, 0.14, 0.18, 0.2, 0.23, 0.25, 0.27, 0.3, 0.33, 0.35, 0.39, 0.42, 0.45, 0.48, 0.5, 0.52, 0.55, 0.57, 0.6, 0.63, 0.77, 0.86, 0.93, 1.0]

x:=[1379, 1394], y:=[610, 603], t:=[0, 1.0], u:=[0.0, 0.4, 1.0]

x:=[1420, 1409, 1406, 1427, 1452, 1460, 1451, 1442, 1448, 1473], y:=[623, 593, 554, 538, 549, 575, 587, 574, 548, 528], t:=[0, 0.13, 0.29, 0.4, 0.52, 0.63, 0.69, 0.76, 0.87, 1.0], u:=[0.0, 0.06, 0.12, 0.21, 0.3, 0.36, 0.41, 0.46, 0.52, 0.57, 0.62, 0.67, 0.7, 0.72, 0.73, 0.78, 0.83, 0.89, 0.94, 1.0]

x:=[1504, 1500, 1498, 1491, 1484, 1485, 1506, 1532, 1538, 1523], y:=[573, 518, 484, 477, 489, 504, 553, 587, 558, 537], t:=[0, 0.2, 0.32, 0.35, 0.4, 0.46, 0.65, 0.8, 0.91, 1.0], u:=[0.0, 0.1, 0.19, 0.27, 0.32, 0.34, 0.37, 0.41, 0.45, 0.51, 0.57, 0.7, 0.77, 0.8, 0.83, 0.87, 0.92, 0.95, 1.0]

x:=[1555, 1565, 1567, 1578, 1630, 1616, 1607, 1621, 1637, 1645, 1656, 1663, 1676, 1695, 1699, 1695], y:=[587, 549, 589, 592, 580, 566, 545, 539, 548, 564, 588, 571, 571, 594, 571, 405], t:=[0, 0.08, 0.15, 0.18, 0.28, 0.32, 0.36, 0.39, 0.43, 0.46, 0.51, 0.55, 0.57, 0.63, 0.68, 1.0], u:=[0.0, 0.07, 0.09, 0.13, 0.14, 0.15, 0.17, 0.21, 0.26, 0.3, 0.33, 0.35, 0.37, 0.39, 0.41, 0.43, 0.46, 0.5, 0.52, 0.54, 0.57, 0.59, 0.62, 0.66, 0.8, 0.9, 1.0]

x:=[86, 93, 93, 94, 97], y:=[229, 210, 181, 93, 78], t:=[0, 0.13, 0.32, 0.9, 1.0], u:=[0, 0.07, 0.16, 0.24, 0.81, 0.93, 1.0]

x:=[110, 111, 115], y:=[281, 266, 258], t:=[0, 0.63, 1.0], u:=[0, 0.3, 0.6, 1.0]

x:=[130, 144, 159, 157, 146, 132, 164, 158, 164, 172], y:=[197, 192, 201, 219, 224, 206, 174, 162, 151, 152], t:=[0, 0.09, 0.2, 0.31, 0.38, 0.52, 0.79, 0.87, 0.95, 1.0], u:=[0, 0.18, 0.21, 0.23, 0.25, 0.28, 0.31, 0.33, 0.36, 0.4, 0.43, 0.45, 0.48, 0.52, 0.55, 0.58, 0.61, 0.64, 0.68, 0.7, 0.74, 0.76, 0.78, 0.81, 0.84, 0.85, 0.87, 0.9, 0.91, 0.93, 0.96, 0.98, 1.0]

x:=[183, 223, 213, 218, 234, 254, 253, 250, 261, 282, 291, 283, 285, 285], y:=[223, 207, 183, 166, 177, 201, 216, 198, 192, 202, 217, 184, 141, 99], t:=[0, 0.13, 0.2, 0.25, 0.31, 0.4, 0.44, 0.5, 0.53, 0.6, 0.65, 0.75, 0.88, 1.0], u:=[0, 0.03, 0.08, 0.12, 0.14, 0.18, 0.21, 0.22, 0.23, 0.25, 0.27, 0.29, 0.34, 0.38, 0.4, 0.42, 0.43, 0.43, 0.45, 0.48, 0.49, 0.5, 0.52, 0.55, 0.56, 0.59, 0.61, 0.64, 0.66, 0.7, 0.77, 0.84, 0.93, 1.0]

x:=[314, 312, 314, 323, 333, 343, 339, 345, 368], y:=[267, 237, 202, 185, 202, 236, 228, 206, 193], t:=[0, 0.15, 0.33, 0.43, 0.53, 0.71, 0.75, 0.87, 1.0], u:=[0, 0.07, 0.16, 0.27, 0.37, 0.42, 0.43, 0.46, 0.5, 0.58, 0.65, 0.69, 0.71, 0.74, 0.77, 0.79, 0.83, 0.88, 0.89, 0.9, 0.96, 1.0]

x:=[563, 563, 567, 573, 578, 577, 569, 566, 572, 584, 602, 618, 624, 618, 631, 655, 654, 655, 670, 676], y:=[220, 232, 236, 213, 174, 109, 118, 144, 178, 209, 238, 229, 202, 188, 214, 231, 207, 194, 228, 227], t:=[0, 0.02, 0.04, 0.09, 0.17, 0.3, 0.32, 0.38, 0.45, 0.52, 0.59, 0.63, 0.68, 0.71, 0.77, 0.83, 0.88, 0.91, 0.99, 1.0], u:=[0, 0.01, 0.03, 0.03, 0.04, 0.06, 0.06, 0.1, 0.14, 0.19, 0.22, 0.25, 0.27, 0.28, 0.29, 0.3, 0.31, 0.32, 0.33, 0.35, 0.38, 0.41, 0.43, 0.45, 0.46, 0.49, 0.51, 0.54, 0.55, 0.57, 0.58, 0.59, 0.6, 0.62, 0.64, 0.66, 0.67, 0.69, 0.7, 0.71, 0.72, 0.73, 0.75, 0.76, 0.77, 0.79, 0.8, 0.81, 0.82, 0.83, 0.83, 0.83, 0.85, 0.86, 0.88, 0.89, 0.9, 0.91, 0.91, 0.93, 0.94, 0.95, 0.96, 0.97, 0.98, 0.99, 1.0]

x:=[722, 718, 720, 725, 733, 741, 733, 717, 702, 700, 705, 711, 716, 719], y:=[225, 231, 237, 241, 237, 218, 202, 195, 201, 215, 227, 237, 235, 232], t:=[0, 0.05, 0.09, 0.13, 0.19, 0.33, 0.45, 0.57, 0.68, 0.77, 0.86, 0.94, 0.97, 1.0], u:=[0, 0.03, 0.07, 0.1, 0.11, 0.14, 0.18, 0.2, 0.24, 0.29, 0.34, 0.38, 0.43, 0.48, 0.52, 0.58, 0.59, 0.64, 0.66, 0.71, 0.73, 0.77, 0.78, 0.85, 0.85, 0.89, 0.92, 0.95, 0.97, 1.0]

x:=[772, 765, 751, 763, 790, 799, 793, 800, 829, 852, 854, 851, 885], y:=[236, 243, 219, 201, 213, 246, 174, 120, 199, 239, 222, 200, 242], t:=[0, 0.02, 0.08, 0.13, 0.19, 0.26, 0.41, 0.53, 0.71, 0.8, 0.84, 0.89, 1.0], u:=[0, 0.01, 0.02, 0.03, 0.04, 0.06, 0.07, 0.08, 0.1, 0.11, 0.12, 0.13, 0.14, 0.15, 0.17, 0.18, 0.2, 0.23, 0.24, 0.26, 0.3, 0.36, 0.4, 0.44, 0.47, 0.49, 0.51, 0.53, 0.55, 0.59, 0.65, 0.69, 0.74, 0.78, 0.79, 0.81, 0.84, 0.87, 0.88, 0.9, 0.93, 0.97, 0.99, 1.0]

x:=[906, 900, 888, 879, 881, 887, 906, 916, 921, 924, 935, 945], y:=[244, 246, 235, 222, 211, 204, 205, 217, 242, 215, 201, 195], t:=[0, 0.04, 0.13, 0.22, 0.28, 0.33, 0.44, 0.53, 0.68, 0.83, 0.93, 1.0], u:=[0, 0.03, 0.05, 0.06, 0.1, 0.16, 0.22, 0.26, 0.3, 0.32, 0.37, 0.41, 0.45, 0.48, 0.52, 0.57, 0.63, 0.68, 0.69, 0.73, 0.79, 0.83, 0.89, 0.93, 0.98, 1.0]

x:=[968, 971, 979, 983, 990, 1004, 1018, 1027, 1043], y:=[239, 211, 219, 230, 234, 225, 231, 217, 211], t:=[0, 0.23, 0.32, 0.41, 0.47, 0.61, 0.73, 0.86, 1.0], u:=[0, 0.1, 0.17, 0.2, 0.23, 0.28, 0.33, 0.36, 0.39, 0.39, 0.45, 0.48, 0.51, 0.57, 0.61, 0.67, 0.73, 0.73, 0.84, 0.89, 0.96, 1.0]

x:=[1082, 1074, 1075, 1088, 1099, 1088, 1067, 1049, 1049, 1059, 1063], y:=[217, 223, 236, 241, 222, 205, 199, 204, 222, 232, 225], t:=[0, 0.06, 0.14, 0.23, 0.37, 0.5, 0.63, 0.75, 0.86, 0.95, 1.0], u:=[0, 0.01, 0.05, 0.07, 0.1, 0.12, 0.19, 0.2, 0.25, 0.31, 0.34, 0.39, 0.44, 0.48, 0.53, 0.58, 0.63, 0.64, 0.66, 0.71, 0.74, 0.77, 0.82, 0.84, 0.89, 0.94, 0.97, 1.0]

x:=[1104, 1121, 1121, 1115, 1119, 1143, 1164, 1176, 1183, 1175], y:=[223, 245, 234, 221, 214, 232, 214, 213, 230, 244], t:=[0, 0.17, 0.23, 0.32, 0.37, 0.55, 0.72, 0.79, 0.9, 1.0], u:=[0, 0.06, 0.11, 0.14, 0.16, 0.2, 0.25, 0.31, 0.34, 0.36, 0.39, 0.45, 0.5, 0.56, 0.6, 0.64, 0.69, 0.72, 0.75, 0.77, 0.79, 0.83, 0.84, 0.88, 0.92, 0.96, 1.0]

x:=[1218, 1217, 1201, 1193, 1203, 1220, 1237, 1236, 1254, 1283, 1281, 1293, 1318, 1313, 1319], y:=[236, 242, 237, 222, 213, 218, 245, 221, 217, 248, 227, 223, 244, 224, 213], t:=[0, 0.02, 0.08, 0.14, 0.19, 0.25, 0.36, 0.44, 0.51, 0.65, 0.73, 0.77, 0.88, 0.96, 1.0], u:=[0, 0.01, 0.02, 0.04, 0.06, 0.07, 0.1, 0.12, 0.14, 0.15, 0.17, 0.19, 0.21, 0.23, 0.24, 0.28, 0.32, 0.37, 0.4, 0.43, 0.46, 0.47, 0.48, 0.51, 0.53, 0.55, 0.58, 0.61, 0.65, 0.66, 0.7, 0.72, 0.75, 0.77, 0.8, 0.82, 0.86, 0.89, 0.94, 0.99, 1.0]

x:=[1347, 1336, 1347], y:=[249, 219, 214], t:=[0, 0.73, 1.0], u:=[0, 0.22, 0.3, 0.46, 0.58, 0.68, 0.72, 0.77, 0.82, 0.89, 1.0]

x:=[1368, 1369, 1364], y:=[266, 258, 240], t:=[0, 0.3, 1.0], u:=[0, 0.16, 0.31, 0.43, 0.76, 1.0]

x:=[1393, 1388, 1376, 1368, 1377, 1395, 1409, 1411, 1429], y:=[243, 248, 240, 222, 215, 219, 243, 226, 207], t:=[0, 0.05, 0.15, 0.29, 0.37, 0.5, 0.7, 0.82, 1.0], u:=[0, 0.01, 0.05, 0.08, 0.13, 0.2, 0.23, 0.27, 0.32, 0.37, 0.41, 0.48, 0.54, 0.59, 0.63, 0.7, 0.77, 0.83, 0.88, 0.93, 1.0]

x:=[1580, 1581, 1576, 1572, 1577], y:=[276, 269, 266, 273, 270], t:=[0, 0.26, 0.48, 0.78, 1.0], u:=[0.0, 0.2, 0.4, 0.6, 0.8, 1.0]

x:=[1585, 1588, 1585, 1580, 1583, 1585], y:=[241, 239, 236, 238, 239, 238], t:=[0, 0.19, 0.42, 0.71, 0.88, 1.0], u:=[0.0, 0.25, 0.5, 0.75, 1.0]

x:=[1600, 1614, 1617], y:=[255, 260, 256], t:=[0, 0.75, 1.0], u:=[0, 0.23, 0.48, 0.55, 0.68, 0.8, 1.0]


x:=[1642, 1654, 1651, 1639], y:=[296, 248, 232, 211], t:=[0, 0.55, 0.73, 1.0], u:=[0, 0.25, 0.39, 0.56, 0.68, 0.77, 0.84, 0.91, 1.0]